utut Du 011Λ11181111Χο1111Ρ118

(12), 0111601000 (16), 0011101 (21), aegre (24), 1110111 010111001101(21), 000-
1111011101(οο audaciter (30), confestim pro contiuuo ((1. 196, 2), 00111100( ιιι
10100 (110 cotidie (1), commodo (3), concorditer (16), ceterum (11), 0010-
1001 010 01100010 (23), 010 1011001111 (24), 00101110111101 (25), cotidiano (28),
00000110 ((1. 101, 5), dc conspecto (13), 1101101001 0111 110000 (15), duri-
ter (22), doctus lautus docte laute (28), 1101100010 ((1. 198, 1), decolorem
pro 0100001010 (2), dapsiliter (5), 1110010 1101110 (8), ellictim (12), 011111
lidio per iouem 0111 (11), cr amusim (24), 0101110100(28), 01100010 (30),
emendate (p. 199, 1), 01010 (6), 101100 (11), 1010 ablati (14 = 1010 0111010
m; Charisius: at 1011 11000010101111010), iuras Ι 1. 261ι ( 1111001101 101 lur-
tim ueluti 1011111011110001010111011001110 100110 (18. 19), 10100 (21), 10100

111 docte laute tirmiter 011 co quod est 1110110 01 agiliter dociliter (0. 2011,
1. 2), gratis (1), 11011 (11), 11010 1010011110 11011 quaudo (12), hilariter 011
00101011 001 11110110 hilare autem 011 1111010 (15), 11000100 (20), 11100001·
(22), 1010 61100 (24), 11111001 pro 1110111110010101101 (21), 111001 0101111110(28),
1110010111 subito 0010111110010 (0. 201, 2), 11110100 1001 (3), 10100(5), 10
01011110 (1100010111 (10), ilico pro in 1000 (11), 101110110 010 inmaniter (25),
ibidem (23), ilicet pro interiectione 11001 01 01111001 (1011011(0.202, 1.

1811010110οο (9), 000011011111101 0010 0011011 ribi ereximus pro nimis in·
(1011000 11010 (11), inimiciter (13), inridenter (51)..,111101111 (110 01001010
(16), integriter 001000 putant dici 0011 integ, re ut ildgre (19) 1011001110010-
01100(20), 1011001110 2(3), 100011101(26), 100110 01 10100 (30), 1010001110
sius (34), 1000111110 (0. 203, 3), 1300110)(1), 1011000101011101 (10), longe 010
praecipue (11), louge (110 longitudine (20), 1001 ut 111001 (21. 29), 11111100
(32), 10010 (35), 10111110, longum (110 optimum (0.204, 10), 100000110104),
1000111111101 (16), lepede (18), 11001, large (22), largiter (22), 11101010(25),
0100110 (29), ⁴mor 010 1110 01 (110 (10010 (1001 (32, (1. 205, 1), medietate (5),
1110111111υο (8), maturissime (12), 010100 (15), maturime (11), memoriter (23),
111010 (110 ualde (p. 206, 1), 010110 (4), missercre pro 111010 (5), 10001100-
1110 (1), 0101101000 (9), 0101110001), 1110110010, muliebriter (11), 01101010 010
0011 (19), 11001101 (0. 201, 1), 1101100 01 0100110010 001 01 ironico (1),
1101100 (110 1100 (8), ῃί1010(((( 0101100 q; 0111110011οο 101011 0010110110(9),
nimium (10), 000111 diuque (11), nudius tertius signitieat autem 11001 001
11100 1011100. 1101 nudiusquartus (20. 24), 00010 (25), 110111001010 (30), noete
erogatrix uon noctu (0. 208, 4), 000 0110001 (14), nequaquam (11), 00000-
00110 (19), necessus necessum (23), 0000110 ((0209, 1), ostiatim (4), 011-
111001010 obuius 6) 0111101 (12), 0111000 (23), 0001011101 (24), 0001110 010
0010 001 01011111 (26), 01601000 (0. 210, 1), 01101001 (5), (01011101 (8),
(111010 (110 (11111111 (10). 01100 010 1001100 11111100 antiquius (13), 0110100010
1110111010(19), 010110(24), 0011000010 01010110 ((1. 211, 1), (1001100010
1101110 (4), (111010 (1), protinus trium 1010001001 (9), 0100100010 (18), (1101·-
sus (23), (111110 (21), prorsum (32), (11111110010 ((1, 212, 3), parcissime (1),

 

