111 11>so 1111110 1111110111. 313

Aeneidos 17, 606 202,16 711, 624 227,16

7, 10 268, 17 711, 787 213, 22

V, 189 224, 21 „ 7111, 77 104, 27

7, 301 80, 1 7111, 168 238. 7

7, 461 87, 6 7111, 460 182, 5

V, 606 101, 32 7111, 616 170, 24

7, 823 1681 · 7111648 00, 13, 132, 20
71, 1 276, 7 ΙΧ, 26 04, 30, 00, 0
71, 110 181, 12. 186, 31 lx, 104 181, 10

71, 121 181, 11 · 111, 203 178, 17

71, 170 170, 17 IX, 614 217,18. 265, 1
71, 187 181, 21 11, 304 72, 12. 268, 20
71, 203 264, 36 11, 636 266. 18

71, 304 70, 32. 233, 28 11, 668 304, 21

71, 323 147, 24 111, 7 306, 27

71, 412 216, 21 XI, 126 173, 0

71, 614 170, 7 111, 174 206, 14. 248, 30
71, 602 167, 30 111, 383 188, 4

71, 701 212, 6 1111, 161-160 260, 2-6
71, 702 203, 27 1111, 364 220, 7

71, 831 262, 27 1111, 684 173, 20

71, 838 72, 12 1111, 770 238, 4

71, 843 132, 8 1111, 883 266. 17
711,14 112, 36 Verrius 120, 14(Ρ1111. 1, 212, 16)
711, 261 31,0 leianus 81,17 (Prisc, 1, 07, 18)
711, 382 105, 20. 238, 18 711Ιοί111111 de imbecillimte Tuscorum 201,8

maro. 20 adnot.

 

