’ 313 1nnnx 00000006

Probus 135, 18. 31; 165, 16. Bueoiieon 11, {t
li. 53
111, 1
111, 35
mm
111, 100
111, 101
mm
V, 65
VI, 5
VI, 63
11111 38
VIII, 65
VIII, 11

VIIII, 21

Geor9ieoa 1, 51
1, 183

1, 310

i. 306

- 1315
11, 110

11, 383

11, 530

111, 53

111, 338
11, 404

¹2 [li

Quidam 6, 14. 13, 34. 15, 33. 16, 3. 31,
19. 33, 31, 33, 31, 36, 35. 86, 35. 81,
35. 80, 33. 08, 33. 130, 5. 166,11. 114,
14. 183, 0. 101, 33, 306, 8. 318, 4. 5;
330, 13 3401801009. 343, 35 etmor9.
inmutato, 18. 350, 301 ntur9. 351,
31. 354, 5mnr9. 14 mar9. 355, 6. 358,
38. 30· 360, 31. 365, 15. 310, 31 381,
6. 380, 6· uide alii, nonnulli, multi,
pieriquo

Salustius 04, 13; 111, 33 (Prisc. 1, 141, 5);
138, 15100100, 1. 258, 6); 310, 11 adn.

Sedniiua 100. 3. 184, 30, 186, 33. 351, 34
adnatet

Septuaginta Scripturno Sacrae interpretes

0000000000.
33; 163,10. 161, 1. 330, 16

Seruilius 104, 30. 31 adnot.

Seruius 103, 31. 116, 37. 110. 5. 180, 38;
10 commento virginiam

Seuerus in dialogo de Postumiana 185,12

smaragdus 185. 33

Solinus 118, 161130101310, 11)

Stoici 63‚8

Sulpitms 301, 10 “

Symphoniae 313, 38

Aeneidos

0

m

m
0
ι’0
um
10
tm

Terentius grammaticus 1, 11. 81, 31, 136, 1,
31. 103, 33. 105,1. 108. 31 1
Terentius poeta 93, 3 (Prisc. 1, 101, 18); 1,
111. 33 (Prisc. l, 141, 3); 138,8 (Prisc. l,
1, 351, 30); 138, 11 (Prisc. 1, 358. lii
138, 13 (Prisc. 1, 258, 4); 138, 31. 30
(Pomp. p. 306, 31 Κ); lton (Pomp.
301, 30); 113, 15. 31. 36; 333, 31. 336,
6. 13; 045, 35 1, 617
TenduIIus 186, 31 1637
Ticidae 00, 14 (Prieni, 18828) l, 150
11, 08
11, 350
11, 334
11413
II, 443
11553
nm
11661
11135
11114
111110
111354

Voierius 138, 5

Varro 106, 30 (Prisc. 1, 304, 5); 130, 6

Vegetins 81, 18 (Prisc. I. 01, 10)

Vergilius Maro grammaticus 63,10. 11, 4.
80, 31. 83, 31. 86, 33. 131, 13. 13113.
35; 136, 8. 13. 18. 35; 131, 31. 1401.
14; 160, 3. aaz 118, 34. 180, 3. 13;
100, 3, 16. 30; 101013. 18. 35; 103,
13. 15. 10. 30; 103. 8. 13. 16. 30. 283
104, 1. 6. 11. 14. 38; 105, 3. 21. 28;
106, 3. 31. 34. 30; 107, 3. 8. 10. 11.
35. 31; 108,11. 14. 18. 30. 30; 100, 3.
11. 16. 35; 300, 3. 1, 12. 18. 223 301,

1000111601106660 104. 31 adn. 100, 13

Vergilius maro poetn 1, 33. 8, 3. 111131.
331, 3, 351, 11. 361, 3. 368, 8. 14; 360,

111, 415
llI. 531
111, 611
111, 641
111. 118
8. 34. 30; 310, 31, 311, 3. 33ς 313, 31. IV,1
314, 8 iv, 83
1160011000 IV. 130
IV, 503

un 0000
nm 00

ma
00
mm
04
mo
0000
00000
mm
00
mm
00
mm
00
mm
00
mm
01
00
mmm
00
mmm
00
0000
00
mm
0,0
0,0

οι00
memo
mama
00
mm
00
mu
0000
mm
00
mu
00
ma
00
mmmm
00
mu
mm
00
mo
00
mm
mm
00
mm
00
mm
0000
mm
00
mm
00
mm
00
mu
00
&m

 

