310 lanes scum'rouvm

18. seo, 36. aar, s. ess, 6616, {ioum 6611161 161, 25 (16.6. 1, 166, 13)
codices 227, 29 Gesta Poutilleum 187, 29
366,1211. 77, 34 Giluidias 193, 24
367, 6 166, 16 Gleagas 198,12
367,8 138,13 Grammatioi 26, 31. 77, 27. 106,32.133,
372, 26 62, 1 8. 136, 24. 167, 6. 190, 1. 242, 18111616.
372, 26 62,10 243, 26 mora. 264, 14 maroc posteri
372, 27 63, 21 grammatici 166, 28
372, 28 62, 6 Grammaticus 67, 19. 84, 32. 87, 22. 100,
372, 29 63, 28 4. 102, 1. 104, 6. 106, 32
373, 2 143, 13 Gregorius 181, 23. 184, 19
373, 10 66, 14
374, 17 116,6 ’ Hieronymus 93, 16. 121,16. 17630176,
374,18 76, 33 1. 182, 13. 16; 186, 16. 187,13. 32;
374, 19 77, 1 16 1161111666111172,9; 16 epistolarum aaa
374, 23 192, 12 66616111179, 10
376, 18 83, 8 Hilarius 198, 9
376, 21 83, 14 Homerus iu quodam amasa 199, 2
376, 22 83, 23 Horatius 8. 2. 97,1. 102, 22. 103,12.172,
376, 27 1066 1. 186, 26. 236, 17 reda. 240, 22 eum
376, 24 84, 23 6111161.166161’11.298, 3. 26
377, 3 86, 13 Hostilius 118, 14 (Prisc. 1, 270. 8)
377, 26 88, 30 ’fillius 133, 7

377, 26 93, 19 1666111 poetae 60. 20. 116,11. 118, st. .

378, 30 126, 24 164,18 adn. 171, 4. 16; 174, 1. 181,
· 379,7 1267 13. 183, 1. 13. 16. 20; 206, 10. 16;
Ι370, 23 133, 27 209, 3. 224, 24. 227, 3. 6. 7. 17.19,
379, 26 136, 17 24; 237, 6 mara. ias. 249, 28
380, 22 140, 26 lacerti scriptores 13, 24. 16, 22. 16, 3. 21,
380, 30 137,10 10. 32, 21. 33, 20. 27; 36, 26. 118, 23.
386,16 169, 28 122,34.160,23.26; 176, 2. 177, 32.
386,1 164, 36 184, 6. 7; 199, 9. 216, 31. 226, 17. 230.
387,18 63,4 31. 36; 231, 10. 266, 26
llouatus Vergilii commentator 180, 28 lauooeutius papa ia epistola quam rescrip-
lloaatas praetorius iu apologitieo 201,8 sit Africanis episcopis coatra lmercsim
6116. Pelagii 174, 11; 1611666116111661616187,
Douotas nescio quis 201, 4 14
lsialoru's 62, 8 (01111111, 1, 6, 1)
Hialmrtlus iu uita liurli Imperatoris 187,-4 62, 14 (0. 1,6,1)
Eunias 81, 1 (Prisc. 1, 97, 8) 63, 1.2(0. l, 6, 2)
94,101Ρ1166.1,199,4) 63, 33 ((1. 1,6, 3)
94, 29 1111661. 67,2 (11. 1, 6, 6)
102, 27611116. l, 260, 3) 82, 2. 6 (0. l, 6, 33)
112,6 (Prisci, 171, 11) 82, 26 (0, l, 6, 33)
119, 29 (Prisc. 1, 278, 16) 83, 16 (0.1, 6,34)
122, 16 (Prisc. 1, 281, 9) 86, 27; 87, 13 (0. l, 6, 36)
11111611 7, 2. 12, 41ος 13,11. 14, 26. 17, 88, 27 (0. l, 6, 43)
11. 20, 10. 21, 10. 33ς 22, 13. 16. 16; 140, 24. 176, 6
26, 13. 21; 33, 16. 36, 4. lauaaalis 217, 20. 268. 26. 264, 3061111.
liutitius 73, 2916. 462, 6 Κ.) ’ luucucus 179, 8. 186, 28

Felix 131, 30 Laberius 08, 33 (Prisc. l, 200, 9); ›
1166666134, 10 109,3 Prisc. l, 200, 9)
l'lauiaaus 107, 24. 26. 281 (lomiuiauus et Laeuius 133,2 Prisc. l, 242, 13)

Flauianus 133, 30 Liuius 123, 28 (Prisc, l, 214, 4)
Flauius 107, 2611111161. Lucanus 104, 25. 113, 30. 127, 22. 295.
Fortunatus 176, 26. 14. 27; 304, 26

laaeauus ale imbecillitate 'Priscorum 201, 6

Gabritius 136, 19 „dm Lucilius Ι103, 10 (Prisc. l, 260, 20); 106,
Gaiui'retius 193, 226116. ‘3⁷ ll'fffic· 112031 Ψ)
Halbuagus 196, 11. 1ος 199, 7. 200, 10 lateremus 127, 27 (Prisc. l, 211, 20)
Harriuus 136, 13
Gelasius 184, 8 llartiaaas 264, 8

 

