100101 unm 00100111ον0. 339

iuuentus 119, 11 10111110 30, 16 100110 76,11. 110, 1, lectionis
10110 66, 6. 14 1011011100 110, 16
iuxta 0000011001 secus 01001 1011010010 laniones 167, 13 1001110 31, 13. 48, 14. 161,
. 0111011616 100000110010110001010000111. 3. 16, 106, 16. 107, 36.
¹⁸ mma noma ¹¹⁹⁹ Μ’ 1012ξέ1,11110 11011 00ῗὲ0366011.10011300,13
Κ, lanx 100010 111, 13 1101001 1001011018
, . Lar 113,19 10010110 48, 13. 161, 3. 9,
1111161991» 30· 225‚8;eaus 100 10110 0001101 101 idest 106,14.163,1.17 ¹
deempn0304,1.306‚25; ignis115,22 1eetu1·us105‚4
9110110110 1011181111 ‚3⁰⁷¹ 19· 10001 114, 6 100100 10011 118, 30, 1101167,
11111 9101110110 111111 11 111ρο0 masc. 191,13 10
mem 111134 10010861. 117, 17, 11ορ1- 10301010010118, 18
1111111111 84, 33· 2111341 cula 71, 6, Ι. 1001001001 legatus 01 010101 quo diff.
0111111000. ,11101418 1922 281'5
1111111111111111113111011111 100109011000118136. 193, legendus 106,7 ’
1111111 2²4» 35 1, fem, 182, 14 legens 166, 7, 1. 1030000166,
1111014119 laqueatus 10000 119,1 14, 1. 10010100 160, 16,
1111111180 1114134 laqueus laquear 69,17. legens- legendus 67, 4,
naga 116. 36 1 101000 i. 131010000οε 148, 33 1, relegens 166, 14
W WlW‘W 208, 3⁶· 111019. 1000001101000011113187, 10
14012 „ 1111195111 103110010110,18,1100100
ww 4111100116, ¹ lateo 000 11, 10. 11, 1; 1. 2129
’‘m'‘ ¹²8’30 11111 150 12· 28, 21· ⁷4¹ legio¹ 01 (11100100 quo diff.

01110 1, 14 1000000000330 28ss‚1

L 1111011144,1.1010110114,10 legit 000· 19οῥ
· 1010100144,11,ᾳο1“11111144, lego 48, 16. 13. 49, 14, 60,
100000 descriptio 3011. 11 15·150.6·11;151.3.13;
306,06;9,,,,,οὼ[,,,,,,, 111100 10000110 198,.6 Ι 161, 38, 11οςιο 163, 6.
307, 30 Latma hngnn 0101110 10101 10.19;1.101,00011,16,
,1 pro 1 213, 2 Graecam 01 1101000010116, 1, 100101 73, 16

1 apud Latinos liquescens 12 1030100111010010110161, 14

114, 18 1111111 11111113111111 225, ¹⁰· lego 11eglegolb4‚ 10110001
coniugatio per 1 4, 16 1111411111οι0 164, 1, 1. legam 163, 14,

101101001000000100 177, 10 1111111113 191111· 111110 11 1. Jagimns154,12; 1. legito

10001114,101.1100101011 Lamum 1111101011011101, 1,10

10086, 4. 107, 13,Ι.Ιο010 14, 111, ‚ lego quot siqmfieationes 110
0100001103-10 111111111011111113118 beat 101, 14 mam. ,

Lacedaemona 111, 10 11111111111110·11111,30 1080010013

1000101100101100000100011111. 11110 1101 83 1· 1111111111111 10301110001.10,;0110163,11
101, 13 71116 10010100101113,14

lacesso 186, 30 1110010110 100001110οι.

Lachesis ,011 0190111, 31 latu? 118, 1⁹· 14130 ¹· 10103030. 1000114,10

0011001 1111101417 lens 1000 111, 10

10010 110, 9 111111111ῐῖ1 41, 28 lens 1001110 111. 30

100100 110, 16 111111111111 1111 11 Lentulus 1010010310113, 17,

lacus 0001001000 110. 10 1111111610 1. 1000001101

00044013000101101. 1111111075, 10 1e0 leaena 101, 11. 111. 111.
116, 19, Ι. 1000110168, 11. 1001101010 110 1011006111076, 17 139, 4, 1, 10000 68, 17
69,17 laudatus 0 1101 6618 100 109. 36; leonis 110, 11

100001001100010000. 191, 10, 100110 49, 11. 60, 14 lepos 117, 31
lacus lacus sem. 191,11 Lauinia 0100 166, 10 lepus 118, 2; 1. leporis ll8,3

laedo 1001101 49, 31 1000 49, 11, 1. 10000 10010 10000100000010070, 11

laesi 1110010 110, 34 166,16, 1. 001100 et depo· letum 46, 3086, 1

laesum 110 laesio 76, 8 neuter 166, 13 111111 101, 27

laesus 106,3 10001 actiae 01 0000000101 10010 61, 170110, 117, 17

11101000- lactandus 67, 7 166, 13 1001101· 66, 19

laeti laetitia 98, 7 100100 0110111110 0001101181, Leuitis 69, 30

100111106811,0011116131,18 11 1000 49, 11

100111100111011110131,16 1001001010 70, 31 lex legis 119, 11. 114, 14,

100111100 quid 011 131, 18 laurus 103,19. 106, 11. 116,7 l. lego 14, 11

10010 60, 6 11100 {audis 110, 14 111100 libido 74,1

100101 60, 6. 16 100 non dicendum 139,4 liber 47, 7. 100, 7, 1. 1111010

10000 01111. 194, 10 10011 10011068, 30 14,18, 1. 11101100 70, 19,

11*

 

